# fetch_trading_data 1d; ints ty VND; cols ts,vn_fb,vn_fs,hnx_fn; 495 rows
140102,61,27,2
140103,45,24,4
140106,86,60,0
140107,114,91,14
140108,170,133,3
140109,256,140,13
140110,147,70,16
140113,150,63,8
140114,151,75,15
140115,217,83,41
140116,305,111,-185
140117,509,261,40
140120,517,207,55
140121,507,302,82
140122,360,617,20
140123,253,130,1
140124,263,129,9
140127,153,140,-11
140206,263,360,0
140207,706,674,18
140210,387,363,8
140211,347,181,23
140212,242,156,16
140213,210,116,3
140214,311,190,30
140217,180,236,35
140218,315,219,39
140219,244,196,20
140220,347,189,29
140221,179,146,11
140224,200,237,8
140225,314,168,4
140226,167,131,8
140227,265,195,6
140228,400,385,10
140303,106,198,17
140304,132,266,-21
140305,228,330,-6
140306,214,288,6
140307,186,253,-8
140310,219,268,-15
140311,241,282,-3
140312,411,365,-2
140313,245,329,-4
140314,252,287,-17
140317,256,235,4
140318,399,395,-48
140319,427,471,-74
140320,341,470,-45
140321,1501,1696,-211
140324,146,283,-34
140325,220,828,-51
140326,456,409,47
140327,211,305,-14
140328,201,203,0
140331,260,160,12
140401,326,238,13
140402,340,308,7
140403,218,177,6
140404,1858,401,-10
140407,304,418,9
140408,187,251,-19
140410,434,580,-1
140411,290,468,11
140414,137,229,0
140415,279,237,18
140416,318,175,29
140417,238,275,9
140418,146,65,13
140421,159,55,39
140422,185,115,17
140423,153,75,10
140424,119,102,18
140425,323,287,2
140428,180,175,3
140429,204,195,1
140505,186,169,1
140506,190,173,13
140507,214,164,8
140508,482,238,36
140509,265,173,45
140512,344,117,18
140513,309,87,37
140514,363,145,32
140515,536,213,101
140516,343,200,27
140519,361,219,39
140520,112,81,33
140521,148,176,22
140522,336,419,38
140523,129,113,1
140526,76,38,-1
140527,195,162,22
140528,167,128,4
140529,257,132,-2
140530,404,182,21
140602,212,97,17
140603,216,74,11
140604,130,74,10
140605,76,66,14
140606,70,65,30
140609,110,101,50
140610,117,78,19
140611,147,121,38
140612,115,76,20
140613,101,105,19
140616,246,231,15
140617,143,129,17
140618,249,154,10
140619,252,119,36
140620,1108,740,35
140623,158,113,13
140624,218,193,48
140625,175,137,7
140626,298,181,16
140627,235,94,20
140630,143,89,23
140701,139,108,5
140702,254,242,36
140703,247,208,24
140704,279,179,16
140707,202,166,27
140708,117,168,18
140709,159,199,18
140710,139,102,25
140711,190,200,20
140714,94,139,10
140715,96,173,8
140716,233,210,24
140717,160,89,11
140718,161,188,35
140721,177,165,-3
140722,268,230,-40
140723,69,53,6
140724,224,106,6
140725,142,109,22
140728,77,50,15
140729,123,83,14
140730,122,609,11
140731,262,285,1
140801,330,303,-5
140804,158,126,0
140805,152,210,-15
140806,169,347,10
140807,100,226,-4
140808,137,383,6
140811,355,501,-1
140812,88,227,-3
140813,128,330,29
140814,194,304,11
140815,257,297,-8
140818,1940,1975,-16
140819,605,704,-15
140820,115,181,-5
140821,276,199,1
140822,432,358,24
140825,465,356,18
140826,315,245,4
140827,225,359,-14
140828,254,268,-34
140829,1218,317,7
140903,497,463,23
140904,621,465,-15
140905,543,700,-20
140908,307,270,6
140909,472,354,-9
140910,298,437,-14
140911,221,255,-23
140912,142,192,-6
140915,431,366,-31
140916,291,559,-34
140917,238,552,-69
140918,284,356,78
140919,2154,2115,-254
140922,342,198,0
140923,486,270,13
140924,480,545,6
140925,153,549,16
140926,364,374,26
140929,154,189,13
140930,197,308,6
141001,404,304,-2
141002,354,275,8
141003,269,639,8
141006,210,206,-6
141007,202,225,-7
141008,260,335,-35
141009,423,516,12
141010,185,170,2
141013,197,464,-19
141014,157,187,-8
141015,180,296,-8
141016,150,401,-8
141017,259,627,-28
141020,168,206,-10
141021,283,344,-1
141022,197,163,22
141023,407,410,18
141024,164,146,-10
141027,181,173,-31
141028,145,110,3
141029,200,90,-9
141030,179,66,6
141031,256,147,5
141103,450,359,6
141104,101,127,-42
141105,137,131,8
141106,136,126,0
141107,249,140,-9
141110,596,635,-15
141111,291,296,2
141112,78,98,2
141113,101,210,14
141114,100,327,1
141117,103,105,-8
141118,124,342,-6
141119,215,241,2
141120,187,242,-31
141121,128,133,3
141124,110,80,-3
141125,359,321,20
141126,381,419,13
141127,96,296,-5
141128,78,255,-33
141201,260,367,-51
141202,283,380,13
141203,193,232,14
141204,248,182,51
141205,273,210,8
141208,235,246,-1
141209,232,240,0
141210,199,278,-24
141211,283,297,-13
141212,226,224,-48
141215,213,247,-29
141216,251,259,-3
141217,343,435,0
141218,244,355,15
141219,1329,1575,-40
141222,282,115,5
141223,306,216,14
141224,112,36,5
141225,51,10,8
141226,199,69,4
141229,148,49,2
141230,136,44,8
141231,135,38,4
150105,129,114,6
150106,152,107,4
150107,107,202,9
150108,143,189,21
150109,214,216,14
150112,253,205,10
150113,425,462,-220
150114,321,269,0
150115,197,211,-3
150116,234,182,8
150119,160,116,-118
150120,335,338,7
150121,285,281,1
150122,114,196,-6
150123,209,194,1
150126,134,92,1
150127,193,221,0
150128,193,167,-15
150129,128,110,0
150130,207,162,1
150202,103,274,-15
150203,145,175,-13
150204,221,231,6
150205,199,155,-1
150206,261,160,-4
150209,383,151,17
150210,290,216,1
150211,292,159,-8
150212,338,202,24
150213,286,158,22
150224,243,123,7
150225,319,114,42
150226,238,161,10
150227,283,250,3
150302,205,141,13
150303,359,282,30
150304,303,221,28
150305,469,443,26
150306,229,333,-7
150309,334,449,3
150310,254,278,-8
150311,181,254,-11
150312,137,144,-4
150313,252,300,-7
150316,263,268,-6
150317,222,228,7
150318,234,221,6
150319,171,393,-20
150320,1258,1045,28
150323,272,369,-22
150324,265,305,-21
150325,375,448,-6
150326,246,512,-19
150327,255,391,-30
150330,313,482,-9
150331,180,187,8
150401,311,144,6
150402,168,164,5
150403,117,63,-9
150406,675,634,15
150407,192,240,-6
150408,228,289,-8
150409,742,784,15
150410,528,302,8
150413,267,158,6
150414,252,77,8
150415,342,223,14
150416,394,191,18
150417,527,208,38
150420,243,113,10
150421,292,111,14
150422,247,96,13
150423,245,86,28
150424,142,190,31
150427,89,284,-5
150504,288,75,24
150505,213,280,7
150506,408,196,-7
150507,244,154,31
150508,157,96,13
150511,184,126,6
150512,240,268,7
150513,151,246,4
150514,137,155,9
150515,90,127,6
150518,361,325,15
150519,275,199,56
150520,236,140,18
150521,592,539,19
150522,438,293,4
150525,141,90,-4
150526,339,165,21
150527,297,222,3
150528,231,191,12
150529,277,266,7
150601,303,201,2
150602,333,191,11
150603,240,336,40
150604,263,289,28
150605,143,244,28
150608,122,179,15
150609,175,168,14
150610,158,263,8
150611,206,240,11
150612,329,172,30
150615,174,205,21
150616,217,178,20
150617,245,156,14
150618,194,168,22
150619,1097,910,76
150622,387,224,6
150623,294,605,9
150624,175,364,9
150625,154,241,7
150626,793,333,19
150629,550,237,29
150630,677,247,27
150701,245,229,6
150702,341,261,-4
150703,354,188,40
150706,343,304,36
150707,405,348,18
150708,425,409,4
150709,615,639,11
150710,295,249,19
150713,290,201,8
150714,287,217,25
150715,336,333,16
150716,286,430,19
150717,204,234,15
150720,269,254,9
150721,285,169,-10
150722,332,428,0
150723,239,157,17
150724,315,233,-2
150727,296,326,27
150728,322,408,-2
150729,248,286,-7
150730,197,169,5
150731,288,232,7
150803,486,456,-11
150804,193,227,19
150805,234,209,11
150806,292,125,8
150807,187,135,4
150810,192,144,1
150811,494,298,8
150812,258,160,12
150813,254,258,-5
150814,180,275,-8
150817,185,187,-24
150818,339,341,-42
150819,166,292,-19
150820,169,298,-29
150821,325,625,-24
150824,478,374,82
150825,420,474,0
150826,223,401,-26
150827,288,263,-23
150828,319,181,-9
150831,377,617,-11
150901,164,359,7
150903,186,334,22
150904,118,81,0
150907,603,577,-3
150908,110,126,2
150909,209,131,1
150910,178,83,-5
150911,100,118,0
150914,106,96,-4
150915,342,282,-3
150916,185,198,-40
150917,332,92,-20
150918,926,984,-80
150921,103,131,-4
150922,199,246,22
150923,125,511,15
150924,72,88,12
150925,287,550,0
150928,61,176,0
150929,85,170,0
150930,124,181,-10
151001,244,190,-1
151002,123,185,-3
151005,165,180,-1
151006,384,388,10
151007,488,329,0
151008,1026,239,17
151009,321,159,-1
151012,321,430,3
151013,225,292,5
151014,278,234,4
151015,132,158,0
151016,206,215,-9
151019,111,122,-3
151020,237,227,-5
151021,146,92,6
151022,175,146,-5
151023,248,138,2
151026,214,168,10
151027,133,127,2
151028,186,238,-1
151029,207,277,8
151030,425,328,4
151102,185,218,8
151103,185,106,-24
151104,1139,1093,10
151105,245,221,4
151106,211,177,5
151109,202,265,8
151110,160,151,11
151111,417,438,4
151112,299,494,1
151113,294,402,-3
151116,593,636,3
151117,171,226,-5
151118,551,576,0
151119,152,181,8
151120,206,194,7
151123,204,91,25
151124,185,286,20
151125,168,321,13
151126,190,217,22
151127,183,236,-4
151130,251,216,1
151201,122,225,2
151202,123,254,-12
151203,179,420,-2
151204,102,152,5
151207,114,224,-15
151208,88,276,-44
151209,155,457,-26
151210,143,583,7
151211,119,167,2
151214,293,293,9
151215,223,313,-72
151216,209,399,-6
151217,151,275,-6
151218,1564,1583,-68
151221,289,465,13
151222,153,197,5
151223,144,105,6
151224,93,97,-4
151225,68,19,9
151228,217,219,8
151229,210,394,25
151230,167,119,23
151231,394,82,8
