# 2016 251 rows; ints (ty VND); cols ts,fnm,fnd,pn,lin,lpn; 2016-01..03: lin==pn & lpn blank (unavailable); resid |sum| med 64 p95 235
160104,-19,1,-13,-13,
160105,-91,-10,11,11,
160106,-44,18,0,0,
160107,-24,0,41,41,
160108,0,0,-25,-25,
160111,-20,7,6,6,
160112,-19,14,-3,-3,
160113,-96,14,1,1,
160114,-172,48,3,3,
160115,-122,0,4,4,
160118,-36,-1,-21,-21,
160119,-64,-17,1,1,
160120,-69,91,-29,-29,
160121,-89,-6,-3,-3,
160122,-74,-6,17,17,
160125,-145,0,-38,-38,
160126,-38,-5,-24,-24,
160127,-111,6,-13,-13,
160128,-120,0,-26,-26,
160129,-47,-59,31,31,
160201,-36,0,40,40,
160202,-38,-119,-25,-25,
160203,-73,-5,-12,-12,
160204,1,25,-1,-1,
160205,-23,-7,-5,-5,
160215,-71,-13,5,5,
160216,-91,1,33,33,
160217,-126,-34,0,0,
160218,-4,26,20,20,
160219,190,40,-19,-19,
160222,3,-1,-7,-7,
160223,121,-41,-27,-27,
160224,36,0,7,7,
160225,15,0,5,5,
160226,-12,14,1,1,
160229,-30,8,-2,-2,
160301,-12,20,-10,-10,
160302,138,-1,-1,-1,
160303,44,33,-37,-37,
160304,104,5,-21,-21,
160307,85,5,6,6,
160308,40,0,-23,-23,
160309,-43,-6,3,3,
160310,-55,62,7,7,
160311,-48,19,25,25,
160314,23,9,-1,-1,
160315,-73,-32,-2,-2,
160316,-8,14,-4,-4,
160317,-2,207,-30,-30,
160318,-256,105,23,23,
160321,-19,0,-37,-37,
160322,24,11,-22,-22,
160323,64,0,-70,-70,
160324,-27,0,-31,-31,
160325,108,33,6,6,
160328,97,8,-29,-29,
160329,49,-106,-31,-31,
160330,61,-1,-36,-36,
160331,121,-308,-54,-54,
160401,33,0,23,-9,-29
160404,35,4,-11,37,-82
160405,23,-634,-40,13,592
160406,65,-508,-64,-54,499
160407,84,25,-42,-53,-55
160408,39,-204,-51,190,-26
160411,40,116,98,-205,49
160412,41,-805,17,-63,826
160413,38,20,-195,-33,-31
160414,79,34,-33,-95,-14
160415,63,11,25,-20,-51
160419,45,-45,-48,83,-77
160420,126,13,-82,-74,-61
160421,56,19,-7,-82,8
160422,149,55,86,-48,-157
160425,-21,30,351,-79,68
160426,78,-846,6,278,542
160427,46,15,-80,-39,-22
160428,-4,50,-65,-98,53
160429,93,-17,-36,-24,-105
160504,69,22,-43,-100,29
160505,24,6,-229,-25,-49
160506,162,7,-60,-27,-161
160509,96,-220,-20,751,-665
160510,55,16,-23,-163,58
160511,120,-318,28,1094,-930
160512,41,-52,-9,12,-79
160513,30,0,-27,11,-91
160516,11,24,2,43,-90
160517,134,14,-54,24,-215
160518,132,16,-68,22,-275
160519,43,-153,-45,-55,114
160520,-101,0,-33,-58,123
160523,61,0,-10,11,-78
160524,57,5,-16,49,-139
160525,26,0,12,31,-83
160526,91,0,2,14,-211
160527,92,0,1,21,-189
160530,155,-12,17,-20,-165
160531,80,4,-13,-15,-172
160601,108,-93,15,0,-63
160602,107,-2,-39,0,-130
160603,28,0,2,3,-79
160606,-1,-217,21,-34,203
160607,74,19,-16,-25,-110
160608,167,7,482,-44,-165
160609,120,12,-2,-29,-160
160610,188,7,8,-6,-264
160613,28,-115,14,13,46
160614,-16,0,-64,38,-38
160615,-16,0,22,13,-36
160616,-54,30,10,-35,26
160617,-474,47,-10,21,353
160620,61,8,-7,0,-119
160621,81,3,-20,-67,-93
160622,26,10,-5,-45,-58
160623,-82,2,-117,-62,94
160624,-29,6,-9,-8,-69
160627,18,-2,29,61,-91
160628,23,4,73,6,-118
160629,-21,1,-267,14,-92
160630,47,15,3,10,-202
160701,66,8,57,-13,-139
160704,-15,4,-1,-51,14
160705,55,7,104,41,-149
160706,-30,6,14,-293,-69
160707,50,0,233,-86,-83
160708,-10,14,-11,-71,-18
160711,145,17,73,-83,-175
160712,99,-23,-1,45,-259
160713,77,5,25,-59,-109
160714,125,-6,86,-52,-131
160715,14,3,30,5,-134
160718,27,5,-22,-135,53
160719,87,3,-38,-11,-84
160720,35,-1,46,-79,-14
160721,-70,-3,11,0,25
160722,27,17,133,98,-271
160725,100,9,-12,19,-277
160726,147,10,6,2,-244
160727,113,18,11,-34,-209
160728,9,-2,-36,-88,-46
160729,61,5,-29,-100,-128
160801,-11,0,79,-3,-47
160802,16,22,-41,-253,168
160803,178,-4,64,-12,-249
160804,48,-4,12,58,-177
160805,-15,0,37,102,-128
160808,-122,-8,13,65,29
160809,14,-128,11,3,-83
160810,-69,-14,0,25,36
160811,43,-3,-9,29,-161
160812,-73,0,-11,5,49
160815,-208,0,7,20,140
160816,-208,0,0,-457,391
160817,-155,0,-12,-17,156
160818,-250,-1,-2,72,110
160819,-263,-9,-6,-49,291
160822,-121,-9,7,42,40
160823,-178,0,4,44,81
160824,-134,36,20,0,88
160825,-67,0,-150,38,-7
160826,-95,0,-8,64,-34
160829,48,4,-37,20,-124
160830,-118,54,-14,16,39
160831,-31,0,-14,152,-175
160901,-172,-16,51,-20,74
160905,-281,-5,-21,6,251
160906,-120,-24,-82,-110,189
160907,-283,25,-15,-79,221
160908,-84,2,-20,13,-58
160909,-177,-30,-30,-27,126
160912,-170,-1,-5,19,16
160913,-117,0,-5,64,31
160914,-43,0,-5,34,-1
160915,-159,10,10,54,40
160916,-1284,-184,61,329,1020
160919,-13,-8,-16,-13,-30
160920,-40,-28,-3,3,-7
160921,7,379,-17,-600,-79
160922,20,11,-63,-75,42
160923,85,0,-13,96,-143
160926,-14,5,-13,-76,144
160927,-103,0,-40,-43,99
160928,-38,1,-60,-91,49
160929,30,5,39,161,-245
160930,49,14,29,136,-234
161003,-153,0,64,362,-251
161004,-42,-20,19,108,-130
161005,3,0,-9,71,-145
161006,59,12,46,326,-478
161007,-21,-109,14,113,-141
161010,-43,11,-12,126,-158
161011,6,9,-93,352,-384
161012,92,0,-17,-44,-57
161013,-33,0,-3,206,-212
161014,14,318,63,-482,143
161017,-55,-1,-34,-27,19
161018,36,-80,11,723,-775
161019,74,-30,-14,706,-848
161020,-29,0,5,484,-508
161021,-23,15,5,20,-120
161024,-32,0,-3,302,-398
161025,-2,-26,-11,71,-55
161026,16,-5,9,28,-146
161027,-20,0,10,47,-95
161028,75,12,8,-25,-83
161031,-5,59,-10,36,-143
161101,12,0,40,25,-111
161102,-26,-20,11,-32,-56
161103,90,0,21,165,-354
161104,34,0,3,37,-114
161107,4,0,-16,-40,-26
161108,102,7,-18,-27,-109
161109,121,0,-7,-3,-140
161110,-85,0,-3,3,28
161111,-72,-5,6,113,-131
161114,-282,10,14,98,112
161115,-122,1,-32,43,14
161116,13,2,17,60,-121
161117,-56,-3,-4,63,-75
161118,-155,-9,88,145,-35
161121,-73,-53,176,201,-91
161122,-89,-2,-6,144,-135
161123,-63,-6,60,191,-241
161124,-222,-2,-114,98,81
161125,-307,14,29,296,-71
161128,-398,11,36,226,125
161129,-257,2,13,128,82
161130,354,-7,-4,-96,-292
161201,-188,9,-61,41,56
161202,-149,9,18,230,-136
161205,-17,4,4,-87,120
161206,-166,5,-1,80,56
161207,-165,48,44,3,-239
161208,-186,-7,-1,404,-386
161209,-146,-222,-13,178,53
161212,124,1,-67,92,-360
161213,1,13,-6,136,-138
161214,-31,31,28,38,-31
161215,-26,0,85,327,-239
161216,-271,41,61,9,244
161219,-19,13,-8,18,42
161220,-180,22,23,-67,353
161221,-54,135,41,-78,-406
161222,-48,36,37,-146,210
161223,23,-27,120,39,-25
161226,58,-378,-23,-21,351
161227,79,56,-55,-322,27
161228,-88,8,-10,-174,133
161229,-90,117,-112,-104,10
161230,-91,581,-200,-397,-151
