# 2026 YTD to 260914, 170 rows; ints; cols ts,fnm,fnd,pn,lin,lpn; resid |sum| med 258 p95 1094; 260903-260914: lin==pn & lpn blank = PROVISIONAL (provider not finalized)
260105,-801,65,-588,968,-233
260106,-213,-202,209,245,171
260107,421,101,-743,-290,-232
260108,927,-474,-448,-404,-49
260109,923,-119,-1333,-777,-27
260112,981,89,-293,-1050,-21
260113,-239,-244,-168,585,-102
260114,-468,5,-63,-630,1093
260115,-920,78,29,-343,1184
260116,-1083,-44,-206,180,947
260119,518,-16,-28,-261,-241
260120,-796,-881,905,1111,566
260121,-321,8,-79,913,-600
260122,-1468,8,-285,807,654
260123,53,-261,-46,321,-113
260126,240,-131,350,1052,-1162
260127,-118,8,639,406,-297
260128,-1556,-232,119,1350,438
260129,-453,-4,53,734,-277
260130,284,401,187,23,-708
260202,-2474,7,-156,445,2022
260203,-584,-40,-251,774,-151
260204,-1007,43,150,-763,1727
260205,-1381,124,-209,1336,-79
260206,-1035,116,17,1921,-1002
260209,-359,106,204,672,-419
260210,697,61,-874,-379,-379
260211,1959,130,562,-1226,-864
260212,344,-1,-147,448,-791
260213,-159,351,-1401,-258,65
260223,-924,-193,117,991,126
260224,267,55,-161,-877,555
260225,-1087,24,-22,869,193
260226,-1337,-1734,699,2520,550
260227,-80,270,-254,-80,-110
260302,647,115,202,-53,-708
260303,-968,181,-163,3561,-2773
260304,-1538,-154,-337,1473,219
260305,-2962,-155,-638,1680,1437
260306,-1325,15,-93,2012,-702
260309,-437,65,204,2834,-2461
260310,1083,46,-337,-1720,591
260311,1055,26,557,-231,-850
260312,-170,-37,-302,-145,352
260313,-651,234,-51,-681,1098
260316,-1322,-55,359,686,691
260317,179,-848,1302,930,-261
260318,-957,-1595,701,1275,1277
260319,-1082,98,-1317,-409,1393
260320,-2841,952,-755,672,1217
260323,-301,-204,521,1104,-599
260324,-621,39,269,-41,624
260325,-1000,-4,817,538,465
260326,-787,45,-620,388,354
260327,-141,-7,685,24,125
260330,-1399,36,279,324,1038
260331,-874,25,1164,460,389
260401,197,-1064,24,606,261
260402,-970,3898,-812,-641,-2287
260403,-1419,-150,169,1037,531
260406,-143,27,-415,-394,510
260407,-834,10,386,863,-39
260408,580,-1165,-65,-979,1564
260409,778,-3272,69,289,2205
260410,844,-4,398,-108,-732
260413,-152,54,-247,-1139,1237
260414,152,1,-54,-186,33
260415,-300,-3205,62,2473,1032
260416,-899,-255,611,506,647
260417,129,-23,133,-336,230
260420,235,-850,1071,780,-165
260421,-152,-233,-10,78,307
260422,-15,-81,-1198,-1242,1338
260423,-1652,-8,-479,1085,575
260424,-1836,-99,-89,888,1047
260428,-533,-1,132,724,-191
260429,-1390,43,321,272,1075
260504,-858,-172,179,-1451,2481
260505,-969,-27,-359,235,761
260506,-1039,-63,262,585,518
260507,-280,-33,201,-647,960
260508,-761,-128,-20,-333,1221
260511,-1028,5,-408,278,745
260512,-685,-135,-160,-148,969
260513,-2005,534,-354,1456,15
260514,73,181,-525,-1478,1224
260515,-819,19,-864,-1146,1947
260518,-603,-12,-635,-1303,1918
260519,-517,-207,-178,787,-63
260520,0,-27,186,350,-323
260521,-1997,290,527,1088,618
260522,-1871,-1302,17,485,2688
260525,-443,-1472,-667,1782,132
260526,-382,-516,115,303,594
260527,-854,35,457,2345,-1527
260528,-587,0,-36,-44,630
260529,-696,-7,225,1124,-421
260601,-663,16,-35,-522,1169
260602,-604,57,-5,628,-81
260603,-560,-132,-232,444,248
260604,-773,-4983,-373,5542,213
260605,267,40,-277,-278,-28
260608,-720,49,-81,319,352
260609,-862,-8,261,830,39
260610,-604,24,-30,712,-133
260611,-556,51,34,562,-58
260612,-541,49,-276,826,-334
260615,-577,4732,1263,421,-4577
260616,-395,27,-253,203,165
260617,-1085,-2090,-183,75,3100
260618,-1898,13,-58,330,1555
260619,-1497,-128,449,224,1401
260622,-185,11,-154,-151,325
260623,-629,2141,-304,-3509,1997
260624,-603,-9,62,359,253
260625,-963,-110,135,816,258
260626,325,6,353,50,-381
260629,-788,-1,87,169,619
260630,-771,-417,15,101,1086
260701,26,304,298,933,-1264
260702,-457,18,-325,494,-55
260703,-811,8,551,402,401
260706,-545,-2250,-523,203,2592
260707,-131,165,-197,-2102,2069
260708,-558,11,3,-248,795
260709,-460,7,181,459,-6
260710,203,1170,-253,-149,-1224
260713,-266,5,230,-872,1133
260714,-214,21,-94,264,-71
260715,-990,20,-330,48,922
260716,-20,-9,65,-18,47
260717,-688,7,-490,18,663
260720,-91,45,440,300,-254
260721,24,49,75,-4837,4765
260722,-1947,10,473,74,1864
260723,-440,-49,-44,-358,847
260724,-1394,67,-431,-238,1565
260727,-748,7,522,725,16
260728,922,-2900,-171,-86,2064
260729,120,-202,-235,399,-317
260730,648,30,-190,-218,-461
260731,-312,1,122,434,-124
260803,1082,-25,542,-35,-1022
260804,932,-41,-1157,-516,-375
260805,492,7,-724,-1038,540
260806,-135,15,-285,-475,595
260807,-778,702,-605,-1148,1224
260810,-446,166,313,435,-155
260811,-746,-23,250,910,-140
260812,283,31,1095,476,-790
260813,-604,31,-192,264,310
260814,-853,-25,-446,-401,1279
260817,-607,5,234,207,396
260818,-836,68,-430,-193,961
260819,-708,-4,156,1375,-664
260820,-613,-4,589,515,102
260821,40,0,162,-468,428
260824,178,-2,-198,-415,239
260825,293,-13,-384,674,-954
260826,7,-42,299,484,-449
260827,256,-46,-618,-19,-191
260828,315,6,-713,330,-651
260903,-1453,-73,-280,-280,
260904,90,7,-168,-168,
260907,-475,10,-214,-214,
260908,-402,2,-145,-145,
260909,-269,1,-259,-259,
260910,283,86,296,296,
260911,-769,-101,-94,-94,
260914,822,0,-1,-1,
