#PGB
122,3.096,7.081,0.006,37.826
123,,7.081,,
124,8.637,5.636,10.426,27.362
131,9.37,5.636,8.14,23.306
132,8.437,5.636,,-27.362
133,9.731,5.636,7.721,25.407
134,3.021,2.561,12.324,45.263
141,,2.561,,
142,3.219,2.561,10.793,47.063
143,3.11,2.561,8.283,48.904
144,2.515,2.702,21.878,47.991
164,2.493,2.906,21.203,40.515
174,3.375,2.976,23.569,31.906
182,4.016,3.203,20.47,31.337
183,4.543,3.194,19.119,26.502
184,3.093,3.16,18.317,33.313
191,3.599,3.256,18.338,28.665
192,3.546,3.227,9.223,35.228
193,3.1,3.095,14.42,34.526
194,3.194,2.946,17.245,34.067
201,3.326,2.96,15.01,31.835
202,3.094,2.853,19.656,27.808
203,2.897,2.922,19.562,29.774
204,2.462,2.809,20.313,36.173
211,2.602,2.935,15.501,32.84
212,2.697,2.346,11.014,33.155
213,2.778,2.176,12.157,30.906
214,2.546,2.003,14.806,35.04
221,2.529,1.995,13.366,37.952
222,2.701,2.699,14.364,37.056
223,3.01,2.825,17.194,33.618
224,2.588,2.785,17.422,37.993
231,2.49,2.967,15.34,39.333
232,3.104,2.921,15.117,35.064
233,2.637,2.78,13.993,36.807
234,2.588,2.561,16.55,38.99
241,2.962,2.626,13.186,31.948
242,3.567,2.626,14.094,31.125
243,3.222,2.707,14.064,35.625
244,2.6,2.625,14.11,40.058
251,2.739,2.617,11.975,38.96
252,3.365,2.51,12.658,35.607
253,3.899,2.424,13.492,31.853
254,,2.344,,
261,4.083,2.281,16.005,31.145
262,2.967,2.269,19.742,42.985
#SGB
122,,5.877,,
123,,5.877,,
124,2.96,7.095,15.864,34.395
131,3.174,7.095,15.495,31.931
132,0,7.095,,0
133,3.751,7.095,10.156,24.151
134,2.263,5.199,12.071,42.438
141,2.647,5.199,9.817,36.077
142,2.938,5.199,10.149,28.543
143,2.713,5.199,10.006,31.7
144,2.098,4.948,11.45,39.759
154,1.897,3.802,11.795,42.034
164,2.653,3.743,12.438,31.165
173,2.773,3.775,11.082,30.135
174,3.005,3.56,11.029,27.814
181,4.04,3.492,10.188,21.263
182,6.536,3.409,10.614,14.275
183,6.471,3.271,11.3,17.364
184,2.219,3.448,10.909,37.064
191,2.424,3.478,10.227,34.071
192,2.265,3.393,10.659,33.452
193,2.039,3.646,11.274,38.187
194,1.955,3.677,11.088,40.614
201,2.675,3.645,10.37,30.401
202,2.292,3.692,11.386,35.215
203,2.156,3.281,6.232,39.738
204,1.455,2.722,10.822,52.346
211,1.59,2.814,9.739,49.583
212,1.443,2.762,10.635,53.347
213,2.066,2.814,11.457,38.828
214,1.991,2.604,12.844,49.79
221,2.413,3.032,12.507,42.204
222,1.913,3.29,10.335,53.194
223,2.156,3.432,9.808,46.782
224,2.146,3.524,9.167,46.851
231,2.364,3.579,7.42,43.465
232,2.324,3.525,7.529,44.385
233,2.252,3.361,6.734,45.795
234,2.044,3.204,7.235,44.14
241,2.399,3.032,7.256,39.022
242,2.576,2.86,7.437,38.274
243,2.874,2.947,7.731,33.471
244,2.687,2.325,7.807,36.254
251,3.311,2.41,6.638,31.642
252,3.242,2.378,6.965,32.39
253,3.131,2.18,7.188,33.011
254,2.988,2.207,9.747,36.363
261,3.562,2.127,7.506,29.302
262,2.916,1.896,8.113,35.703
#VAB
114,,3.296,,
124,,2.743,,
132,0,1.824,,0
134,2.92,1.824,8.378,46.541
142,0,2.333,4.627,
144,2.354,3.315,5.769,51.301
154,2.289,1.83,3.674,49.699
164,2.17,1.786,5.359,62.988
174,2.701,2.007,2.346,35.786
181,2.743,2.045,2.304,36.186
182,,1.962,,
183,,2.15,,
184,,1.775,,
191,,1.627,,
192,,1.696,,
193,,1.582,,
194,,1.495,,
201,,1.563,,
202,,1.621,,
203,,1.923,,
204,2.326,1.762,4.042,51.315
211,,1.871,,
212,2.087,1.899,6.939,61.238
213,2.015,1.594,7.564,62.493
214,1.909,1.862,11.768,58.835
221,1.81,1.978,7.852,61.136
222,1.754,1.927,6.177,63.286
223,1.573,1.848,5.883,68.482
224,1.545,1.632,4.02,71.493
231,1.447,1.962,3.523,74.778
232,2.517,1.94,3.421,42.523
233,1.712,1.69,3.508,66.304
234,1.61,1.859,4.941,66.825
241,2.381,2.015,4.543,51.912
242,2.571,2.068,4.169,49.038
243,1.724,2.297,7.065,70.257
244,1.378,2.18,4.016,69.518
251,0.638,2.182,4.294,150.214
252,1.122,2.078,5.21,88.294
253,1.813,2.149,6.432,65.544
254,1.327,2.784,6.071,91.175
261,1.307,2.691,4.727,91.55
262,1.238,2.654,5.387,100.177
#VBB
114,5.7,4.696,19.862,22.882
174,1.361,,5.054,62.996
182,1.748,2.518,16.213,61.502
183,1.699,2.569,4.833,57.797
184,1.261,2.403,3.931,69.568
191,1.418,2.421,3.57,66.088
192,1.154,2.314,4.32,76.069
193,1.24,2.299,4.901,70.043
194,1.329,2.215,4.851,63.884
201,1.371,2.071,2.729,65.425
202,1.896,1.309,3.72,56.932
203,2.056,0.99,4.471,53.867
204,1.77,0.764,3.688,58.128
211,1.888,0.514,3.439,53.6
212,1.928,0.86,2.946,53.972
213,2.678,0.985,5.268,41.857
214,3.719,1.597,4.631,49.738
221,4.425,1.715,4.093,44.628
222,3.965,1.98,5.47,37.758
223,4.374,1.996,4.818,22.772
224,3.689,1.755,6.818,26.93
231,4.361,1.831,3.282,25.23
232,3.905,1.685,8.543,27.401
233,4.101,1.57,6.612,25.989
234,2.59,1.662,8.236,37.558
241,3.131,1.567,5.899,34.402
242,3.47,1.759,8.406,33.084
243,3.338,2.036,5.468,37.682
244,2.788,1.915,4.847,44.369
251,2.672,1.985,5.394,49.191
252,2.54,1.804,5.217,52.39
253,2.73,1.695,4.34,49.951
254,2.959,1.905,4.381,47.635
261,3.405,1.854,3.334,45.06
262,1.892,1.961,7.622,69.117
