#TPB
114,,1.712,,
132,0,-0.877,,0
141,,2.698,,
142,,2.698,,
154,0.814,2.452,12.605,115.312
164,0.757,,13.544,117
174,1.107,2.944,16.231,97.133
181,1.162,3.113,11.855,92.507
182,1.183,3.395,14.375,99.097
183,1.255,3.532,13.441,99.056
184,1.129,3.695,18.159,103.318
191,1.404,3.881,16.028,88.83
192,1.521,4.02,17.156,84.124
193,1.531,4.083,15.594,80.103
194,1.308,4.118,15.513,97.837
201,1.902,4.11,13.091,76.012
202,1.496,4.114,14.749,112.739
203,1.816,4.023,15.969,92.185
204,1.203,4.477,18.292,134.21
211,1.212,4.234,17.314,134.02
212,1.169,4.335,17.62,144.816
213,1.048,4.351,20.569,115.428
214,0.829,4.321,22.051,152.597
221,1.161,4.169,17.724,125.694
222,0.863,4.125,16.707,161.463
223,0.925,4.066,15.948,142.157
224,0.853,3.978,16.683,135.002
231,1.463,3.797,12.98,83.874
232,2.239,3.592,15.229,60.893
233,3.015,3.581,15.991,46.995
234,2.073,3.925,21.146,63.709
241,2.263,4.042,22.892,60.254
242,2.089,4.128,20.646,65.985
243,2.319,4.04,18.139,58.847
244,,3.506,,
251,2.305,3.466,19.024,57.056
252,2.076,3.274,21.261,62.717
253,2.257,3.144,17.742,61.224
254,1.303,3.01,19.924,92.185
261,2.194,2.929,17.446,58.391
262,1.88,2.879,18.32,66.539
#MSB
101,,3.317,,
122,1.821,1.616,16.588,62.372
132,0,2.07,,0
142,,1.807,,
164,2.395,2.691,19.953,54.437
172,3.501,2.763,17.37,38.882
173,2.61,2.744,17.668,50.452
174,2.254,1.869,20.212,53.179
184,3.069,2.779,20.893,67.801
192,2.987,2.609,20.568,71.909
193,2.939,2.762,17.912,74.416
194,2.074,2.465,19.651,68.134
201,2.215,2.605,20.419,68.582
202,2.261,2.883,21.307,68.177
203,2.351,3.096,22.609,59.379
204,1.984,3.352,26.656,54.121
211,1.879,3.517,29.233,54.654
212,2.043,3.678,27.206,58.509
213,1.97,3.72,29.738,62.059
214,1.771,3.655,34.104,95.365
221,1.817,3.85,36.67,87.777
222,1.524,4.055,35.182,84.281
223,1.521,4.335,36.266,95.679
224,1.735,4.363,29.659,69.168
231,2.05,4.395,21.208,65.236
232,2.602,4.265,22.528,63.785
233,2.988,4.109,26.557,58.217
234,2.916,4.103,25.174,55.194
241,3.231,3.87,28.198,53.583
242,3.141,3.686,25.239,58.589
243,2.933,3.477,22.985,62.95
244,2.722,3.65,24.925,64.095
251,2.608,3.502,23.017,59.633
252,2.744,3.452,25.407,55.594
253,2.834,3.449,26.456,53.68
254,2.728,3.151,28.133,51.638
261,2.697,3.228,25.507,51.608
262,2.562,3.168,21.905,51.547
#OCB
101,,4.643,,
104,2.069,4.332,9.774,44.045
122,2.706,4.547,7.437,55.403
131,,5.196,,
132,0,5.196,,0
133,,5.196,,
141,,4.693,,
142,,4.693,,
143,,4.693,,
164,1.769,3.079,99.668,49.101
174,1.81,3.362,9.334,46.742
182,2.079,3.923,8.29,49.217
183,2.687,3.939,7.144,39.087
184,2.311,3.96,12.842,43.882
191,2.839,3.908,8.269,29.926
192,2.578,3.873,8.274,37.187
193,2.645,3.942,7.697,40.557
194,1.861,3.925,11.476,55.356
201,1.7,4.063,10.111,69.125
202,1.953,4.047,10.693,63.819
203,2.172,3.855,10.909,54.486
204,1.708,3.879,11.59,62.141
211,1.712,3.876,9.405,63.229
212,1.547,3.863,10.472,70.002
213,1.527,3.849,10.047,74.959
214,1.337,3.687,15.101,82.702
221,2.198,3.673,11.795,60.985
222,1.98,3.709,11.626,61.421
223,2.499,3.759,12.961,52.997
224,2.259,3.913,10.6,59.239
231,3.37,3.873,8.249,46.786
232,3.232,3.818,10.365,47.478
233,3.798,3.77,11.499,39.143
234,2.698,3.3,11.933,64.094
241,2.92,3.488,11.207,55.249
242,3.176,3.446,12.305,54.558
243,3.246,3.334,15.756,53.906
244,3.213,3.45,14.404,47.139
251,3.966,3.439,15.43,34.991
252,3.515,3.284,15.368,40.51
253,3.757,3.261,15.549,40.605
254,3.251,3.15,9.884,56.325
261,3.591,2.998,10.67,55.557
262,3.56,3.001,10.861,59.387
#SSB
132,0,1.427,,0
154,1.441,1.504,10.937,59.899
164,1.719,2.1,9.532,54.105
174,0.851,1.828,7.26,101.634
182,0.977,2.113,6.574,88.835
184,1.525,1.96,6.754,71.247
191,1.463,1.921,5.977,73.59
192,1.359,1.892,5.867,77.074
193,1.32,2.118,6.442,70.299
194,2.339,2.119,10.211,49.538
201,2.361,2.042,9.314,41.042
202,2.258,1.953,8.313,45.896
203,2.258,1.847,6.297,51.978
204,1.875,1.925,9.794,54.841
211,1.822,2.193,8.424,63.192
212,1.783,2.503,7.33,71.854
213,1.706,2.827,11.044,73.259
214,1.673,2.866,7.742,84.653
221,1.664,3.048,10.814,86.069
222,1.626,3.102,8.634,95.72
223,1.618,2.945,9.193,93.657
224,1.624,3.287,9.308,98.899
231,1.626,3.229,8.187,105.084
232,1.76,3.098,9.547,98.671
233,1.909,2.984,16.758,98.264
234,1.97,2.975,10.905,85.502
241,1.994,3.005,10.77,85.048
242,1.938,3.384,12.766,76.657
243,1.901,3.681,12.824,80.811
244,1.921,3.475,18.75,82.878
251,1.866,3.492,9.881,81.809
252,1.983,3.129,10.225,73.582
253,1.979,2.784,14.763,71.876
254,2.085,2.735,13.614,67.022
261,2.271,2.532,9.082,68.005
262,2.28,2.404,10.74,66.594
