#BID
114,2.82,3.409,16.574,72.113
123,3.027,3.409,12.841,79.011
124,2.743,3.139,17.569,64.562
131,2.818,3.07,12.035,70.807
132,2.733,2.881,,-73.693
133,2.393,2.866,15.372,83.547
134,2.297,2.849,18.393,69.521
141,2.058,2.814,16.732,81.591
142,2.594,2.871,17.214,76.931
143,1.965,2.854,16.141,91.372
144,2.063,2.981,17.803,73.127
151,2.269,2.912,13.764,73.184
152,2.853,2.696,16.238,63.619
153,2.202,2.76,16.451,72.397
154,1.701,2.721,18.473,74.769
161,1.83,2.665,15.401,77.724
162,2.034,2.586,16.651,75.346
163,2.059,2.615,15.316,77.571
164,2.022,2.64,17.207,69.748
171,2.176,2.655,15.794,71.311
172,1.951,2.804,16.304,82.932
173,2.12,2.926,16.843,83.958
174,1.644,2.91,18.628,80.7
181,1.638,2.977,17.025,80.676
182,1.508,2.966,17.013,85.008
183,1.787,2.802,16.527,87.004
184,1.926,2.868,16.355,65.975
191,1.767,2.724,14.374,70.171
192,2.012,2.715,14.343,72.671
193,2.125,2.682,14.747,78.178
194,1.769,2.644,16.011,75.05
201,1.772,2.613,14.338,86.136
202,2.032,2.439,15.247,80.999
203,2.001,2.449,16.725,87.095
204,1.788,2.453,18.043,89.174
211,1.799,2.567,17.898,107.614
212,1.668,2.874,18.178,132.312
213,1.65,2.965,18.51,140.229
214,1.022,2.917,19.366,214.846
221,0.993,2.854,19.896,259.216
222,1.058,2.81,19.416,260.765
223,1.386,2.767,18.408,213.769
224,1.187,2.925,18.36,216.756
231,1.591,2.798,15.85,171.288
232,1.634,2.702,16.642,151.526
233,1.638,2.664,17.997,158.403
234,1.28,2.573,19.578,181.834
241,1.54,2.545,18.217,152.767
242,1.555,2.501,18.218,132.216
243,1.744,2.399,18.09,115.732
244,1.439,2.325,19.47,131.007
251,1.929,2.223,18.281,96.848
252,2.015,2.13,19.88,89.095
253,1.909,2.078,19.89,94.531
254,1.496,2.114,21.123,99.911
261,1.783,2.071,19.494,86.886
262,1.853,2.089,20.12,75.887
#MBB
113,1.665,4.304,23.516,137.836
114,1.618,5.471,27.412,116.552
121,1.898,4.924,27.656,120.407
122,2.975,4.823,26.912,59.135
123,2.033,4.824,24.064,104.231
124,1.875,4.535,30.214,95.706
131,2.446,4.385,26.492,95.443
132,2.439,4.233,,-78.812
133,2.622,4.233,24.928,87.759
134,2.496,3.721,28.85,82.483
141,2.79,3.712,22.422,86.422
142,3.143,3.881,23.776,62.193
143,3.138,3.906,19.965,83.272
144,2.798,3.814,22.449,89.703
151,2.676,4.119,22.565,83.816
152,2.071,4.031,27.955,80.105
153,1.749,3.95,27.401,90.353
154,1.633,3.814,31.145,101.374
161,1.625,3.588,29.175,107.561
162,1.351,3.388,25.829,108.869
163,1.362,3.449,29.225,116.92
164,1.336,3.579,33.928,103.176
171,1.353,3.708,33.135,100.545
172,1.301,3.945,32.305,102.933
173,1.345,4.069,26.431,86.978
174,1.218,4.186,30.111,95.853
181,1.428,4.343,33.014,90.971
182,1.301,4.408,30.46,106.567
183,1.597,4.489,32.858,105.951
184,1.352,4.564,32.042,112.285
191,1.429,4.603,25.066,96.491
192,1.272,4.637,25.729,97.604
193,1.566,4.736,27.824,102.734
194,1.173,4.904,33.865,110.466
201,1.641,4.86,29.847,97.563
202,1.392,4.863,32.611,121.031
203,1.53,4.926,33.5,118.875
204,1.105,4.753,37.045,134.066
211,1.313,4.962,34.034,127.381
212,0.778,5.14,34.649,236.496
213,0.968,5.103,36.086,232.804
214,0.921,5.089,44.554,267.98
221,1.019,5.225,41.436,250.074
222,1.23,5.345,41.912,221.425
223,1.059,5.479,39.149,207.726
224,1.122,5.663,37.64,238.027
231,1.8,5.645,32.997,138.258
232,1.477,5.42,34.58,156.095
233,1.93,5.229,33.59,121.974
234,1.635,4.786,38.076,116.981
241,2.536,4.466,34.731,80.058
242,1.664,4.35,37.214,101.737
243,2.269,4.165,35.656,68.772
244,1.645,4.074,38.028,92.248
251,1.867,4.169,34.821,75.259
252,1.628,4.057,36.938,88.886
253,1.898,4.022,35.934,79.207
254,1.31,3.866,36.831,93.749
261,1.442,3.848,32.274,92.242
262,1.47,3.875,33.621,93.626
#HDB
114,2.13,4.148,9.539,48.197
122,,4.121,,
124,2.375,2.236,5.211,39.284
131,2.118,2.236,4.438,50.19
132,2.353,2.236,,-39.284
133,2.567,2.236,5.56,45.592
134,3.731,2.236,5.812,43.143
141,5.04,0.556,6.953,43.25
154,1.606,4.069,7.531,78.654
171,1.522,3.785,9.634,73.403
172,1.615,3.652,8.9,69.084
173,1.605,3.886,8.573,73.245
174,1.532,4.075,12.075,73.312
181,1.643,4.061,9.958,64.346
182,1.447,4.223,8.532,79.741
183,1.515,4.024,8.098,72.892
184,1.548,4.048,8.354,71.085
191,1.464,4.119,8.721,73.938
192,1.46,4.251,9.789,74.67
193,1.513,4.52,9.987,73.259
194,1.38,4.695,12.152,81.373
201,1.488,5.114,11.713,74.515
202,1.57,5.12,11.745,72.234
203,1.853,5.096,11.168,64.059
204,1.336,4.752,12.048,82.102
211,1.53,4.627,10.593,68.613
212,1.226,4.593,9.936,87.854
213,1.415,4.455,11.662,80.932
214,1.674,4.44,13.067,72.977
221,1.592,4.505,12.053,75.911
222,1.349,4.664,11.671,93.044
223,1.557,4.75,10.851,81.032
224,1.689,4.999,10.319,70.423
231,1.867,4.993,7.507,61.771
232,2.179,4.817,7.176,61.343
233,2.292,4.671,6.958,54.204
234,1.815,4.834,10.876,65.82
241,2.272,4.956,8.296,56.599
242,2.126,5.198,9.645,58.801
243,1.922,5.419,8.765,65.867
244,1.96,5.207,11.772,68.706
251,2.402,5.111,9.593,53.295
252,2.572,5.114,12.013,47.174
253,2.938,4.824,10.106,43.375
254,2.471,4.532,12.102,54.799
261,2.635,4.354,10.208,50.003
262,2.83,4.016,10.81,50.006
#TCB
122,2.986,3.617,11.587,50.719
123,3.131,3.617,10.337,45.033
124,2.741,3.288,11.664,61.133
131,3.594,3.435,9.776,60.138
132,5.282,3.12,,-34.459
133,6.062,2.857,11.547,37.294
134,3.714,2.988,14.749,46.225
141,4.679,3.045,12.633,38.603
142,4.182,3.275,14.273,36.797
143,3,3.641,13.624,45.19
144,2.412,3.93,15.109,50.149
151,2.609,4.12,15.689,48.459
152,2.411,4.368,16.561,47.224
153,2.298,4.315,17.176,52.925
154,1.679,4.385,18.832,62.63
161,2.06,4.45,17.571,55.478
162,1.888,4.476,18.15,59.879
163,1.835,4.45,18.525,63.661
164,1.592,4.207,20.656,66.575
171,1.91,4.066,17.832,60.42
172,2.087,4.004,18.557,63.532
173,1.96,3.971,19.967,68.006
174,1.625,3.889,22.363,72.935
181,1.899,4.048,21.251,76.187
182,2.069,3.886,22.353,74.185
183,2.087,4.01,22.6,77.499
184,1.779,4.126,27.115,85.078
191,1.813,4.13,26.714,87.657
192,1.805,4.124,28.962,77.082
193,1.829,4.112,28.736,77.081
194,1.351,4.451,32.881,94.765
201,1.105,4.296,30.699,117.935
202,0.916,4.495,32.588,108.565
203,0.605,4.848,37.148,147.958
204,0.47,5.005,44.321,170.959
211,0.386,5.364,42.681,219.393
212,0.36,5.675,42.741,258.941
213,0.576,5.608,38.076,184.426
214,0.668,5.794,46.977,162.854
221,0.675,5.621,46.835,160.84
222,0.608,5.563,43.379,171.603
223,0.656,5.445,42.465,164.988
224,0.918,5.293,34.341,124.988
231,0.858,4.737,30.519,133.801
232,1.088,4.333,32.837,115.579
233,1.377,4.112,32.01,93.036
234,1.171,4.021,37.997,102.146
241,1.143,4.074,39.053,106.061
242,1.246,4.259,35.993,101.135
243,1.308,4.247,34.925,103.493
244,1.139,4.211,35.943,113.941
251,1.188,3.977,33.733,111.585
252,1.274,3.767,35.197,106.504
253,1.179,3.662,37.083,119.245
254,1.083,3.738,34.482,128.054
261,1.107,3.664,31.447,129.393
262,1.097,3.629,33.806,125.644
#VPB
121,2.905,3.391,8.088,39.133
122,2.149,3.391,10.921,47.53
123,,3.391,,
124,2.747,3.291,9.387,37.894
131,2.876,3.733,5.744,38.911
132,2.719,3.733,,-37.894
133,2.301,3.647,5.552,55.87
134,2.842,4.474,6.754,41.017
141,2.942,4.474,7.46,48.61
142,2.977,4.474,7.191,49.323
143,0,4.474,7.118,
144,2.574,,7.263,56.469
154,2.733,6.364,9.648,55.382
161,2.905,6.524,8.372,53.005
162,3.018,6.905,11.631,51.286
163,3.132,7.249,10.742,44.873
164,2.951,7.704,12.31,49.678
171,3.562,8.24,10.227,49.236
172,2.858,8.439,9.853,57.245
173,3.104,8.756,10.17,49.54
174,3.454,8.724,14.729,50.764
181,4.226,8.823,12.087,44.45
182,4.142,9.001,11.52,43.95
183,4.793,8.893,11.757,41.749
184,3.556,8.799,13.246,45.926
191,3.683,8.884,9.325,48.303
192,3.487,8.994,10.024,48.46
193,3.564,9.194,9.91,49.611
194,3.476,9.426,12.935,46.423
201,3.075,9.224,11.702,52.032
202,3.26,8.913,11.842,48.811
203,3.715,8.566,15.383,47.904
204,3.466,8.717,15.204,45.31
211,3.514,8.581,16.687,43.856
212,3.529,8.727,18.129,44.689
213,4.083,8.346,21.504,48.946
214,4.703,7.704,21.917,60.889
221,4.985,7.461,20.446,63.616
222,5.432,7.179,18.073,61.992
223,5.176,7.292,18.195,62.024
224,5.919,7.489,16.543,54.404
231,6.429,6.954,13.497,46.04
232,6.709,6.314,14.52,43.008
233,5.883,5.649,16.411,42.653
234,5.155,5.593,17.03,52.059
241,4.963,5.348,14.001,53.436
242,5.207,5.593,17.491,48.079
243,4.926,5.822,13.637,50.697
244,4.297,5.83,13.715,56.175
251,4.85,5.803,13.457,47.425
252,4.058,5.517,13.466,52.195
253,3.583,5.377,13.675,55.055
254,3.396,5.484,13.654,55.392
261,3.651,5.188,13.086,52.798
262,3.341,5.165,11.485,56.173
#VIB
122,2.892,4.133,14.302,57.076
123,2.886,4.133,11.87,95.155
124,2.662,3.973,16.411,64.753
131,3.017,3.973,15.391,72.901
132,0,3.973,,0
133,2.954,3.973,15.473,116.986
134,2.897,3.45,17.186,93.105
141,3.04,3.151,15.027,93.54
142,2.988,3.27,15.645,92.867
143,2.232,3.314,16.028,77.921
144,2.574,,18.079,92.637
154,2.104,2.987,20.155,76.071
161,2.075,3.113,18.959,65.811
162,1.872,2.969,20.013,82.222
163,1.561,2.923,19.332,75.352
164,2.619,2.856,18.599,65.511
171,2.221,2.899,17.804,69.653
172,2.619,2.863,18.267,49.565
173,2.393,2.91,20.667,49.784
174,2.672,3.122,16.297,44.808
181,2.575,3.194,15.013,46.043
182,2.361,3.483,15.009,53.19
183,2.534,3.674,14.204,46.646
184,2.542,3.786,14.29,36.247
191,2.547,3.908,11.579,40.265
192,2.201,3.89,11.789,43.986
193,2.064,3.846,10.255,49.932
194,1.983,3.936,11.172,50.688
201,2.21,3.792,10.211,47.333
202,2.398,3.803,11.756,49.779
203,2.16,3.946,11.402,48.269
204,1.763,4.046,11.896,59.112
211,1.745,4.232,12.273,61.989
212,1.71,4.366,12.045,63.827
213,2.147,4.256,12.411,54.067
214,2.345,4.385,16.105,51.397
221,2.419,4.331,14.833,51.783
222,2.481,4.33,13.627,54.061
223,2.378,4.5,13.509,54.045
224,2.485,4.723,13.637,53.892
231,3.691,4.666,12.1,38.036
232,3.687,4.746,11.965,39.058
233,3.737,4.724,12.771,41.365
234,3.195,4.704,13.201,50.994
241,3.664,4.381,13.22,49.804
242,3.723,4.114,14.664,48.13
243,3.923,3.891,13.534,47.146
244,3.573,3.749,13.946,50.06
251,3.85,3.415,14.951,38.612
252,3.605,3.247,16.614,37.157
253,3.366,3.087,15.279,39.355
254,3.006,3.105,14.386,42.867
261,2.978,3.028,13.928,43.103
262,2.963,3.041,11.761,43.583
#LPB
114,2.156,4.985,16.203,42.987
122,2.451,4.985,17.44,43.335
123,2.697,4.985,17.758,54.782
124,2.759,4.547,15.689,64.722
132,0,4.547,,0
134,2.533,3.572,19.661,80.975
142,,3.572,,
143,,3.572,,
144,1.414,2.913,19.861,82.037
154,0.978,2.86,58.928,128.02
164,1.128,3.498,41.218,109.337
171,1.364,3.547,32.514,91.239
172,1.331,3.665,30.267,96.266
173,1.209,3.677,31.377,105.31
174,1.08,3.602,28.387,114.48
181,1.079,3.497,21.663,104.625
182,1.04,3.214,21.569,112.038
183,1.338,3.06,15.908,84.919
184,1.428,3.115,18.183,88.248
191,1.376,3.147,11.229,93.408
192,1.494,3.342,13.065,81.033
193,1.495,3.377,14.903,80.602
194,1.463,3.369,14.384,84.744
201,1.456,3.251,11.251,82.305
202,1.665,3.106,12.099,72.763
203,1.66,3.18,12.263,73.231
204,1.45,3.168,14.486,89.628
211,1.453,3.378,9.419,94.495
212,1.354,3.536,10.579,96.497
213,1.441,3.461,7.488,98.219
214,1.391,3.532,9.899,110.73
221,1.446,3.761,7.514,117.73
222,1.427,3.911,7.615,121.268
223,1.428,4.108,6.224,143.065
224,1.486,3.964,8.69,142.111
231,1.478,3.781,5.227,111.059
232,2.473,3.477,7.207,72.079
233,2.848,3.19,6.263,67.466
234,1.356,3.23,9.655,93.753
241,1.404,3.257,10.656,88.963
242,1.751,3.358,10.033,77.12
243,1.992,3.44,8.054,77.487
244,1.588,3.522,9.79,83.293
251,1.751,3.25,6.875,74.322
252,1.765,3.153,7.615,75.287
253,1.804,3.107,6.8,76.133
254,1.706,2.92,8.454,73.95
261,1.859,3.027,6.49,69.647
262,1.877,2.917,6.306,66.757
