#NAB
114,2.862,3.419,1.86,29.729
121,,3.223,,
122,2.958,3.223,4.013,49.52
123,,3.223,,
124,2.501,3.522,3.694,41.061
131,,3.522,,
132,2.476,3.522,,-41.061
133,2.195,3.522,3.081,37.259
134,1.486,2.114,3.535,44.758
141,,2.114,,
142,,2.114,,
143,2.022,2.114,4.038,55.598
144,1.482,2.261,7.473,64.545
154,0.922,3.274,2.871,102.39
164,2.985,3.255,4.514,55.179
174,1.994,2.729,5.923,119.147
182,0.961,3.053,5.281,156.685
183,,3.442,,
184,1.568,2.722,3.966,98.377
194,1.998,2.692,4.433,59.506
201,2.005,2.304,3.307,56.639
202,2.96,2.418,3.846,30.115
203,2.303,2.457,5.015,38.116
204,0.842,2.416,4.819,114.464
211,0.955,2.613,4.5,96.011
212,1.435,2.9,8.418,70.8
213,1.915,2.899,8.13,54.842
214,1.591,3.124,9.091,79.52
221,1.527,3.069,8.419,81.271
222,1.373,2.968,8.744,93.402
223,2.055,3.136,6.694,57.008
224,1.362,3.196,6.615,77.222
231,2.036,3.221,4.573,53.812
232,2.749,3.257,4.639,37.859
233,2.866,3.09,5.397,36.521
234,2.137,3.537,6.874,51.647
241,2.691,3.382,5.605,42.33
242,2.597,3.584,6.434,47.186
243,2.889,3.762,5.611,45.256
244,2.359,3.583,6.164,52.83
251,2.518,3.509,5.561,52.15
252,2.877,3.192,5.554,39.025
253,2.748,2.852,5.302,46.394
254,2.181,2.668,5.932,53.392
261,1.835,2.34,5.886,56.454
262,1.488,2.187,5.268,68.32
#KLB
114,2.805,6.472,5.327,40.674
122,,6.366,,
123,2.812,6.366,1.819,41.11
124,2.969,6.366,2.604,50.076
131,2.967,6.435,0.828,47.936
132,2.926,6.435,,-50.076
133,2.767,6.435,1.218,49.016
134,2.497,5.675,1.515,41.741
141,2.649,5.675,1.028,40.462
142,2.458,5.675,1.162,42.263
143,2.161,5.675,1.182,49.312
144,1.973,,2.322,51.661
154,1.135,,1.978,75.48
163,1.488,3.372,2.214,62.868
164,1.07,3.216,2.094,80.987
171,0.969,6.41,3.349,81.176
172,0.98,3.368,2.269,88.603
173,0.87,3.482,2.335,100.825
174,0.847,3.476,2.933,106.169
181,0.894,3.22,4.693,93.984
182,0.896,3.019,3.008,98.283
183,1.024,2.88,2.555,89.114
184,0.951,2.729,3.144,91.9
191,1.007,2.781,4.202,86.749
192,1.159,2.802,4.402,77.543
193,1.079,2.793,4.419,83.823
194,1.03,2.361,4.578,86.557
201,6.694,2.267,2.673,16.266
202,6.661,2.046,2.861,16.65
203,6.706,1.82,3.184,16.903
204,5.47,1.892,3.229,15.57
211,1.58,2.925,4.56,57.017
212,1.444,2.955,5.686,68.131
213,2.016,2.789,8.34,48.505
214,1.91,2.89,15.466,50.513
221,2.103,2.047,24.796,61.315
222,1.972,2.23,8.974,68.447
223,1.979,2.588,9.098,73.312
224,1.915,2.653,3.931,68.621
231,1.885,3.017,3.705,78.172
232,1.674,2.832,3.704,73.073
233,2.171,2.638,3.951,55.333
234,1.958,2.592,5.982,62.226
241,2.488,2.589,5.407,49.693
242,2.01,3.15,5.982,69.789
243,1.969,3.582,4.892,72.464
244,2.052,3.897,6.417,79.024
251,2.198,4.011,6.711,69.155
252,2.007,3.91,7.671,82.372
253,1.958,3.967,5.997,78.153
254,1.896,4.17,8.11,87.974
261,1.933,4.061,5.924,85.508
262,1.858,4.008,5.81,91.28
#BAB
164,0.819,,1.219,113.786
173,0.693,2.048,1.499,171.686
174,0.641,2.083,1.202,174.321
181,0.777,2.16,1.108,141.443
182,0.741,2.106,1.162,162.217
183,0.716,1.978,1.169,169.859
184,0.77,1.906,1.036,121.637
191,0.429,1.899,1.092,212.801
192,0.731,1.948,1.969,122.002
193,0.728,2.082,1.328,127.203
194,0.692,2.052,1.776,130.942
201,0.797,2.083,0.99,112.92
202,0.811,2.01,1.166,121.917
203,0.816,1.954,1.415,123.965
204,0.799,1.968,1.63,130.857
211,0.423,2.006,1.863,256.911
212,0.83,2.089,1.547,137.012
213,0.83,2.153,1.884,135.848
214,0.784,1.98,3.262,161.774
221,0.761,2.132,4.779,163.214
222,0.745,1.991,5.951,169.489
223,0.593,1.89,6.812,189.931
224,0.537,2.09,7.199,203.819
231,0.573,2.076,3.984,195.03
232,0.711,2.145,4.715,157.75
233,0.782,1.904,4.239,144.174
234,0.928,1.757,4.328,131.018
241,1.125,1.867,2.519,105.733
242,1.501,1.998,2.488,86.082
243,1.345,2.177,2.682,97.715
244,1.256,2.158,2.801,97.445
251,1.28,2.145,2.669,98.076
252,1.269,2.034,3.023,101.139
253,1.149,1.909,2.818,108.372
254,1.165,1.974,3.515,107.542
261,1.907,1.947,3.046,67.948
262,1.148,2.059,3.334,134.871
#ABB
122,,5.151,,
132,0,4.417,,0
134,7.847,4.594,23.22,36.216
141,,2.745,,
142,7.681,2.745,22.039,35.583
143,0,2.745,21.532,
144,4.592,2.606,23.065,40.46
154,2.454,2.73,21.625,51.354
161,2.218,2.908,19.92,55.303
162,2.048,2.773,23.123,70.269
164,2.602,2.849,19.845,57.485
173,3.014,2.865,18.679,61.939
181,3.075,2.954,16.997,59.692
182,2.195,2.86,19.094,77.333
183,2.467,2.801,18.493,65.574
184,1.91,2.477,18.218,65.749
191,2.264,2.564,18.005,64.925
192,2.306,2.765,16.029,55.956
193,3.463,2.754,15.465,64.93
194,2.341,2.715,11.317,55.842
201,2.615,2.677,11.945,55.545
202,2.763,2.484,12.717,43.88
203,2.8,2.521,12.844,42.498
204,2.115,2.297,17.237,53.265
211,2.064,2.66,15.029,53.263
212,2.353,2.733,16.926,55.49
213,2.948,2.758,18.986,45.558
214,2.372,2.77,16.326,50.157
221,2.342,2.901,17.982,47.849
222,2.332,3.001,16.604,52.689
223,2.374,2.961,16.998,50.782
224,2.921,3.099,11.877,43.394
231,4.084,2.927,9.212,35.688
232,4.617,2.645,10.014,33.507
233,3.556,2.345,8.603,40.321
234,2.952,2.038,11.234,46.395
241,3.982,1.871,12.64,40.265
242,3.602,1.893,10.762,44.146
243,3.253,1.884,11.017,53.514
244,3.804,1.827,12.121,46.215
251,3.871,1.939,10.297,45.905
252,2.79,2.185,12.495,56.904
253,2.673,2.527,8.895,60.055
254,0.885,2.606,8.886,120.357
261,0.829,2.685,7.649,122.598
262,1.209,2.62,8.778,87.176
#BVB
131,,2.785,,
132,1.895,2.785,,-49.7
142,,2.423,,
154,,1.71,,
164,1.281,1.984,5.563,68.142
181,,2.229,,
182,,2.342,,
183,,2.135,,
184,,2.001,,
191,,1.945,,
192,,1.897,,
193,,2.108,,
194,2.542,2.054,3.999,53.04
201,2.927,2.294,3.621,45.087
202,3.137,2.169,4.176,43.503
203,3.027,2.101,5.053,47.937
204,2.831,2.099,4.68,51.421
211,2.866,2.089,5.018,43.786
212,2.845,2.329,5.439,44.711
213,2.986,2.321,4.735,53.151
214,2.574,2.205,6.355,59.57
221,2.458,2.252,6.389,57.947
222,2.772,2.171,5.373,54.926
223,2.847,2.258,5.752,55.992
224,2.83,2.323,6.028,52.269
231,2.969,2.108,4.394,49.753
232,4.452,2.015,5.155,35.514
233,3.612,1.889,4.979,41.731
234,3.361,1.874,5.713,41.842
241,3.967,2.091,6.175,38.594
242,3.831,2.261,6.66,39.429
243,4.726,2.31,7.078,32.744
244,3.129,2.541,6.552,45.288
251,3.488,2.439,6.097,44.782
252,3.894,2.378,6.322,40.447
253,3.197,2.422,6.694,48.545
254,3.056,2.36,8.334,46.424
261,3.158,2.414,6.938,45.682
262,3.267,2.484,7.462,43.575
