/home/trido/thanhdt/WorkingClaude/data/v23_golive_audit_2014_now_matpostbull_shrink0_edge_etfliqcustompitg_park3-30_wtnamecap_advprice_exp_pinR3_20260927_park030_univpit.csv